# PB2002 orogens (Bird 2003), ODC-BY 1.0; generated by tools/codegen/orogens.py
@ Puna-Sierras Pampeanas
-64.8036,-21.0378 -63.6636,-21.0517 -63.5743,-21.6926 -63.4842,-22.3335 -63.4143,-22.9983 -63.3438,-23.6631 -63.4953,-24.3645 -63.6485,-25.0658 -63.8107,-25.9767 -63.9755,-26.8874 -63.9205,-27.7279 -63.8646,-28.5683 -63.8078,-29.4087 -63.7501,-30.2491 -63.8082,-31.1636 -63.8674,-32.0781 -63.9278,-32.9925 -64.1766,-33.8440 -64.4305,-34.6950 -64.9633,-35.6348 -65.5088,-36.5722 -66.7204,-36.3732 -67.9256,-36.1619 -69.1242,-35.9387 -69.8009,-35.4672 -70.4696,-34.9919 -71.4395,-34.7653 -72.4041,-34.5310 -73.3631,-34.2892 -73.0561,-33.8373 -72.9778,-33.3561 -73.0076,-32.7417 -72.8813,-32.3164 -72.7962,-31.5279 -72.7375,-30.9627 -72.7113,-30.1880 -72.6699,-29.5390 -72.5492,-28.9039 -72.2795,-28.2756 -72.0676,-27.7586 -71.9596,-27.2487 -71.8610,-26.6550 -71.7414,-25.8378 -71.6305,-25.0904 -71.5750,-24.2666 -71.4965,-23.5263 -71.4568,-22.7584 -71.4100,-21.9694 -71.3554,-21.2642 -70.7619,-21.1731 -70.1691,-21.0800 -68.9740,-21.0785 -67.7790,-21.0770 -66.8610,-21.0491 -65.9433,-21.0163 -64.8036,-21.0378
@ New Hebrides-Fiji
-179.9480,-17.4581 -180.0000,-17.5626 -180.0000,-13.6710 -179.3830,-13.7723 -178.6950,-13.8243 -178.0060,-13.8743 -177.2310,-14.3460 -177.4380,-14.8002 -177.6450,-15.2543 -178.0770,-15.8664 -178.5790,-16.0835 -179.0820,-16.2994 -179.3990,-16.6448 -179.7170,-16.9897 -179.9480,-17.4581
172.8810,-23.0811 172.3470,-23.2748 172.2640,-23.2364 172.1820,-23.2298 172.1000,-23.2358 171.9620,-23.2320 171.8530,-23.2125 171.7570,-23.2057 171.6060,-23.2047 171.5230,-23.1852 171.3970,-23.1685 171.2870,-23.1488 171.1910,-23.1290 171.0650,-23.0869 170.9380,-23.0573 170.8420,-23.0248 170.7430,-23.0049 170.6480,-22.9754 170.5620,-22.9397 170.4500,-22.8848 170.3210,-22.8169 170.2230,-22.7588 170.1240,-22.7007 170.0120,-22.6454 169.9380,-22.5717 169.8510,-22.4694 169.7370,-22.3761 169.6230,-22.2542 169.4810,-22.1476 169.3940,-22.0766 169.3210,-22.0058 169.2230,-21.9345 169.1910,-21.8486 169.1180,-21.7493 169.0450,-21.6657 168.9560,-21.5311 168.9000,-21.4446 168.7820,-21.2873 168.6800,-21.1270 168.6070,-21.0400 168.5490,-20.9185 168.4880,-20.8063 168.4170,-20.6718 168.2990,-20.4982 168.2390,-20.3479 168.1680,-20.2259 168.0930,-20.1164 168.0650,-20.0270 167.9800,-19.9173 167.9060,-19.7950 167.8460,-19.6572 167.7920,-19.5576 167.7150,-19.3971 167.6320,-19.2587 167.5840,-19.0735 167.5110,-18.9098 167.4260,-18.7362 167.4090,-18.6342 167.3890,-18.5100 167.3600,-18.3854 167.3300,-18.2704 167.2990,-18.1712 167.2530,-18.0461 167.2260,-17.9470 167.1810,-17.7839 167.1480,-17.6592 167.1190,-17.5441 167.0760,-17.4191 167.0590,-17.3329 166.9620,-17.2317 166.8560,-17.1238 166.7740,-17.0102 166.7160,-16.8593 166.6330,-16.7615 166.5640,-16.6482 166.5100,-16.5608 166.4680,-16.4611 166.4130,-16.3228 166.3540,-16.2098 166.3010,-16.1129 166.2460,-15.9999 166.1890,-15.9124 166.1760,-15.8231 166.1310,-15.6978 166.1320,-15.5835 166.1140,-15.4560 166.1000,-15.3698 166.1240,-15.2691 166.1350,-15.1520 166.1180,-15.0658 166.1700,-14.9121 166.1770,-14.7093 166.1750,-14.5823 166.1570,-14.4453 166.1560,-14.3692 166.1390,-14.2037 166.1100,-14.0157 166.0670,-13.8525 166.0400,-13.6994 165.9970,-13.5363 165.9280,-13.2835 165.8600,-13.0974 165.8160,-12.8931 165.8010,-12.7690 165.7180,-12.5347 166.5480,-12.2113 167.3750,-11.8854 168.3400,-12.0135 169.3050,-12.1384 170.2710,-12.2599 171.2390,-12.3780 172.2070,-12.4926 173.1760,-12.6039 174.1450,-12.7116 175.1160,-12.8158 176.0300,-12.9834 176.9450,-13.1477 177.8610,-13.3088 178.7790,-13.4667 179.6970,-13.6212 180.0000,-13.6710 180.0000,-17.5626 179.8190,-17.9262 179.6680,-18.3596 179.5160,-18.7928 179.2640,-19.2657 179.0110,-19.7383 178.4180,-20.2194 177.9710,-20.5474 177.5230,-20.8742 176.8900,-21.3933 176.3380,-21.8251 175.7820,-22.2550 174.9330,-22.6119 173.9960,-22.8141 173.4140,-22.8855 172.8810,-23.0811
@ Peru
-78.6109,-2.2286 -77.8583,-2.2894 -77.1056,-2.3499 -76.3119,-2.7853 -75.5175,-3.2202 -74.7225,-3.6545 -73.9267,-4.0881 -73.1301,-4.5209 -72.8856,-5.3936 -72.6404,-6.2661 -72.3944,-7.1386 -72.1475,-8.0109 -71.8995,-8.8830 -72.2255,-9.7821 -72.5533,-10.6808 -72.8830,-11.5791 -73.2148,-12.4771 -73.2006,-12.5541 -73.7761,-13.2498 -74.3550,-13.9439 -74.8502,-14.5674 -75.3484,-15.1894 -75.8424,-15.8099 -76.0164,-15.7373 -76.5056,-15.2135 -76.8661,-14.8448 -77.2252,-14.4689 -77.7367,-13.9087 -78.2466,-13.3831 -78.5087,-13.0089 -78.7633,-12.6419 -79.2487,-11.8880 -79.7149,-11.2875 -80.0986,-10.5580 -80.4696,-9.9194 -80.8014,-9.4346 -81.1398,-8.6600 -81.4731,-7.9832 -81.6465,-7.3038 -81.8834,-6.6514 -82.0515,-6.0009 -82.0944,-5.2498 -82.1043,-4.4994 -82.0259,-3.7225 -81.8693,-3.2489 -81.7173,-2.5338 -80.9326,-2.4121 -80.1480,-2.2899 -79.3635,-2.1673 -78.6109,-2.2286
@ Ninety East-Sumatra
91.6816,10.5126 91.6576,10.0577 91.6336,9.6019 91.6955,9.1262 91.7509,8.6628 91.8792,8.1596 92.0076,7.6557 92.3823,6.9421 92.4785,6.3309 92.6346,5.6992 92.7581,5.0003 93.0006,4.3870 93.3233,3.7138 93.8522,3.0478 94.5007,2.4552 94.8924,2.2003 95.6734,2.8624 96.4512,3.5518 97.2281,4.2475 97.8712,3.6245 98.1537,3.2628 98.4363,2.9009 98.8946,2.2751 99.3595,1.6888 99.8118,1.0755 100.2470,0.2887 100.7020,-0.4782 101.0680,-1.0666 101.5160,-1.6940 102.0450,-2.4202 102.5610,-3.1331 103.0830,-3.7524 103.7060,-4.3433 104.2660,-4.7748 104.7000,-5.2078 104.8860,-5.5444 105.0190,-5.9748 105.0460,-6.4464 104.9760,-7.0985 104.8700,-7.6244 104.6710,-8.1645 104.1580,-8.8609 103.6390,-9.5629 103.1260,-10.2635 102.5990,-10.9629 102.0780,-11.6608 101.5560,-12.3571 101.0210,-13.0519 100.4920,-13.7514 99.9551,-14.4426 99.4180,-15.1384 98.8803,-15.8256 98.3353,-16.5172 97.3988,-16.5714 96.4690,-16.6184 95.5390,-16.6649 94.6021,-16.7042 93.6719,-16.7429 92.7348,-16.7744 91.8044,-16.8053 90.8672,-16.8292 89.9366,-16.8458 88.9993,-16.8619 88.0619,-16.8773 87.1312,-16.8791 86.2339,-16.5638 85.3370,-16.2409 84.4406,-15.9170 83.5515,-15.5921 82.6628,-15.2597 81.7813,-14.9262 80.9004,-14.5852 80.0199,-14.2432 79.1467,-13.9003 78.2739,-13.5498 77.4017,-13.1983 76.5300,-12.8459 75.6655,-12.4860 74.8015,-12.1252 73.9381,-11.7635 73.0818,-11.4009 72.2261,-11.0308 71.3709,-10.6598 70.5162,-10.2880 69.6687,-9.9154 69.4503,-9.1062 69.2323,-8.2891 69.0145,-7.4773 68.7969,-6.6645 68.9277,-5.8085 69.0585,-4.9451 69.1957,-4.0878 69.3260,-3.2300 69.4561,-2.3721 69.5861,-1.5141 69.7160,-0.6497 69.8523,0.2077 70.6819,0.5977 71.5109,0.9882 72.3461,1.3723 73.1742,1.7634 74.0085,2.1547 74.8422,2.5398 75.6754,2.9251 76.5081,3.3173 77.3404,3.7031 78.1787,4.0892 79.0166,4.4688 79.8539,4.8553 80.6908,5.2354 81.5272,5.6222 82.1448,6.2139 82.7686,6.8049 83.3917,7.3952 84.0143,7.9847 84.6430,8.5734 85.2710,9.1613 85.8985,9.7482 86.5320,10.3341 87.3900,10.5042 88.2479,10.6618 89.1056,10.8264 89.9631,10.9849 90.8270,11.1374 91.6841,11.2904 91.6816,10.5126
@ Rivera-Cocos
-105.0490,18.6661 -104.6780,18.3789 -104.8430,17.6895 -105.0060,17.0000 -105.4210,17.0000 -105.4800,17.2902 -105.7250,17.5061 -106.3210,17.7800 -106.3590,17.9278 -106.3570,18.1177 -106.2370,18.8190 -105.5300,18.5594 -105.4210,18.9526 -105.0490,18.6661
@ Philippines
120.8320,19.4690 121.5950,19.4490 122.1340,19.3178 122.6730,19.1851 123.0110,18.8065 123.3480,18.4273 123.5280,17.8356 123.2960,17.4225 123.0660,17.0092 122.9140,16.3740 123.3780,16.0374 123.8410,15.6999 124.3800,15.2026 124.9160,14.7041 125.1970,14.1319 125.5400,13.3053 125.7320,12.8178 126.1830,12.2649 126.2860,11.6300 126.2600,11.0596 126.6190,10.2960 126.8690,9.4489 127.0990,8.7499 127.2650,8.1361 127.2790,7.2913 127.2950,6.4465 127.5040,5.8963 127.5430,5.4738 127.4560,5.0731 127.4530,4.8800 126.5260,4.8800 125.5980,4.8800 124.6710,4.8800 123.7430,4.8800 122.8160,4.8800 121.8880,4.8800 120.9610,4.8800 120.8380,5.7474 120.7150,6.6147 120.5910,7.4821 120.4660,8.3494 120.3410,9.2166 120.2160,10.0839 120.0900,10.9510 119.9630,11.8181 119.8350,12.6852 119.5250,13.1124 119.2130,13.5393 119.0290,14.0627 118.8810,14.7973 119.0000,15.3059 119.1130,16.0674 119.2080,16.5546 119.2010,16.8391 119.1140,17.6279 119.2310,18.2002 119.7480,18.8771 120.0680,19.4858 120.8320,19.4690
@ west central Atlantic
-64.5361,24.2975 -63.5486,23.9903 -62.5658,23.6767 -61.5878,23.3571 -60.6146,23.0313 -59.6460,22.6997 -58.6822,22.3622 -57.8097,22.0911 -56.9405,21.8153 -56.0747,21.5350 -55.2122,21.2503 -54.3531,20.9612 -53.4974,20.6678 -52.7103,20.3058 -51.9268,19.9402 -51.1470,19.5712 -50.3707,19.1989 -49.5980,18.8234 -48.7355,18.4338 -47.8769,18.0404 -47.0222,17.6432 -46.3011,16.9517 -45.5853,16.2578 -44.8745,15.5614 -44.9275,14.8534 -44.9802,14.1454 -45.5481,13.4394 -46.1127,12.7321 -46.6741,12.0237 -47.6053,12.2873 -48.5383,12.5478 -49.4733,12.8050 -50.4101,13.0589 -51.3488,13.3095 -52.2156,13.5460 -53.0841,13.7796 -53.9543,14.0100 -54.8263,14.2374 -55.7000,14.4616 -56.5755,14.6826 -57.4527,14.9003 -58.3317,15.1146 -58.5667,15.2473 -58.7074,15.3778 -58.7346,15.7349 -58.8422,15.9573 -58.8667,16.3602 -59.1326,16.8763 -59.5071,17.2068 -59.8623,17.5143 -60.0938,17.7864 -60.3208,18.1536 -60.5756,18.4779 -60.7710,18.5598 -60.9537,18.8514 -61.5741,18.9134 -62.1728,19.2218 -62.8437,19.5199 -63.3584,19.6359 -63.7566,19.6720 -64.3420,19.7251 -65.1262,19.7779 -65.6889,19.7750 -66.2557,19.7702 -67.0368,19.7014 -67.0441,20.6201 -67.0441,21.5387 -67.0441,22.4574 -67.0513,23.3761 -66.8963,23.9162 -66.7400,24.4562 -66.1345,24.5285 -65.5284,24.5983 -64.5361,24.2975
@ Gorda-California-Nevada
-110.6180,45.6730 -109.7140,45.2379 -109.5690,44.9271 -109.8940,44.2527 -110.2120,43.5731 -110.3180,42.9100 -110.4150,42.2427 -110.6170,41.5245 -110.8130,40.8058 -110.8540,40.1388 -110.8990,39.4721 -111.2050,38.8122 -111.5090,38.1476 -112.3300,37.6199 -112.7970,37.1487 -113.2990,36.6121 -113.5940,36.1237 -113.8800,35.6304 -114.3100,35.1859 -114.7300,34.7433 -115.2630,34.0235 -115.4490,33.1551 -115.1030,32.6808 -114.7560,32.2057 -114.8370,31.7356 -114.9130,31.2653 -115.3150,30.8008 -115.9360,30.4671 -116.5540,30.1304 -116.8580,30.6691 -117.1660,31.2032 -117.8450,31.7590 -118.6410,32.0513 -119.5130,32.5125 -120.0060,32.8614 -120.5070,33.2119 -120.9520,33.7634 -121.4080,34.3129 -121.7800,34.9280 -122.1630,35.5414 -122.5370,36.2717 -122.5580,36.6739 -123.1700,36.9962 -123.5800,37.4131 -123.7750,38.0796 -123.9860,38.4977 -124.2010,38.9190 -124.5460,39.3890 -124.9580,39.7016 -125.4780,40.0090 -125.7870,40.2711 -126.2050,40.2800 -126.5860,40.2869 -127.1360,40.3026 -127.8520,40.3191 -127.8170,40.7626 -127.7860,41.1734 -127.6950,41.6629 -127.3070,41.7856 -127.1960,42.1220 -127.0740,42.4898 -126.8060,42.9937 -126.2050,43.0352 -125.5510,43.0766 -124.7850,43.1623 -123.5950,43.2091 -122.9770,43.2480 -122.3580,43.2835 -121.5240,43.3159 -120.6930,43.3420 -119.7000,43.3692 -118.7050,43.3877 -117.8780,43.5076 -117.0480,43.6216 -116.2530,43.9165 -115.4500,44.2057 -114.8310,44.7335 -114.2060,45.2579 -113.5570,45.3439 -112.9060,45.4224 -111.7120,45.6880 -110.6180,45.6730
@ Alps
10.3971,48.5124 11.8454,48.4576 13.2900,48.3847 14.7300,48.2938 16.1644,48.1850 17.4729,47.9377 18.7686,47.6756 20.0510,47.3991 21.3196,47.1085 22.7215,46.9235 24.1133,46.7216 25.4943,46.5029 26.8638,46.2677 28.1236,45.8932 29.3662,45.5050 29.4316,44.9155 28.7647,43.9824 28.1184,43.0456 28.4264,42.2748 28.7269,41.5032 29.0204,40.7309 29.7765,39.9734 30.5159,39.2110 30.8933,38.8492 31.2669,38.4861 31.0669,37.7696 30.8708,37.0527 30.2085,36.7812 29.5509,36.5061 28.5556,36.3706 27.5639,36.2268 26.9047,36.3368 26.2436,36.4432 26.4240,37.0411 26.6072,37.6388 26.3185,38.0528 25.3944,38.2093 24.4664,38.3586 24.5026,37.5558 24.5381,36.7529 23.7061,36.6028 22.8774,36.4469 21.8769,36.4370 20.8765,36.4271 20.2828,35.6264 19.7009,34.8229 19.1303,34.0167 18.4348,33.3829 17.7493,32.7452 17.0737,32.1039 16.4075,31.4590 15.7504,30.8107 14.8114,31.3067 13.8625,31.7958 12.9035,32.2778 11.9344,32.7524 10.9550,33.2195 9.9652,33.6789 8.9649,34.1303 8.4192,34.9132 7.8632,35.6937 7.2961,36.4716 6.7175,37.2467 6.5986,38.1950 6.4764,39.1432 6.3510,40.0913 6.2219,41.0392 6.0892,41.9869 5.9524,42.9346 5.8113,43.8820 5.6073,44.6474 5.3978,45.4125 5.4342,45.9414 5.4713,46.4703 6.0829,47.1498 6.9827,47.6160 7.5800,47.8931 8.1837,48.1671 8.9462,48.5489 10.3971,48.5124
@ Persia-Tibet-Burma
97.1189,54.5296 98.4251,54.2635 99.7141,53.9834 101.2120,53.3071 102.6630,52.6126 103.6010,52.1002 104.5170,51.5806 105.0020,50.9401 105.4740,50.2977 105.6800,49.4475 105.8780,48.5969 106.1460,47.5378 106.4030,46.4780 106.6750,45.5934 106.9390,44.7081 107.1950,43.8223 108.1270,43.3179 109.0440,42.8060 109.6900,42.2403 110.5700,41.7719 111.4380,41.2968 112.2930,40.8153 112.9150,41.1933 113.5450,41.5679 114.3990,41.3315 115.2470,41.0889 115.8140,40.7274 116.3750,40.3632 117.0160,40.1881 117.6530,40.0095 118.1670,40.2368 118.6840,40.4618 119.7240,40.8484 120.7760,41.2256 121.7600,41.7936 122.7620,42.3530 123.5390,41.6965 124.3000,41.0350 125.0460,40.3685 125.4030,39.4526 125.7510,38.5356 125.9450,37.7112 126.1340,36.8864 126.1900,36.3259 126.2460,35.7654 126.3160,35.0819 126.3830,34.3975 126.2690,34.1421 125.9160,33.8136 125.5020,33.4248 124.9750,32.9239 124.4540,32.4208 123.9660,31.9440 123.5320,31.5141 123.2920,31.3850 122.7110,31.4156 122.1300,31.4438 121.5480,31.4697 120.9610,31.4933 120.3050,31.3012 119.6460,31.1105 118.9370,31.2880 118.0830,32.0826 117.2170,32.8757 116.4580,33.4991 115.6840,34.1220 114.8960,34.7353 114.2830,34.7540 113.6700,34.7658 113.3160,34.3799 112.9700,33.9932 112.3400,33.3750 111.7180,32.7536 111.6960,32.1624 111.6800,31.5666 111.2730,31.1600 110.8740,30.7481 109.9460,30.4790 109.0290,30.2002 108.1110,29.9152 107.2040,29.6206 106.3290,29.1626 105.4660,28.6999 105.0240,27.9546 105.2640,27.1946 105.5010,26.4340 105.8010,25.8730 106.0980,25.3115 106.6620,24.7213 107.2160,24.1240 107.7650,23.5294 108.6480,23.2161 109.5220,22.8927 110.3950,22.5688 111.2590,22.2393 112.1220,21.9049 112.6090,21.0345 113.0930,20.1641 113.5700,19.2936 114.0400,18.4190 113.3350,18.2203 112.6320,18.0180 111.5720,17.8501 110.5150,17.6737 109.5790,17.6782 108.6400,17.6762 107.7020,17.6697 106.7640,17.6589 105.8260,17.6436 104.8880,17.6238 103.7580,17.5801 102.6290,17.5299 102.0470,17.2488 101.4660,16.9660 101.1550,16.4735 100.8460,15.9806 100.3130,15.3596 99.7837,14.7374 99.2240,14.3421 98.2955,14.3464 97.3669,14.3464 96.4384,14.3508 95.5343,14.4029 94.4983,14.3979 93.4623,14.3885 92.4265,14.3745 92.8979,15.1212 93.2588,15.8009 93.4529,16.5723 93.5816,17.2348 93.7762,18.0891 93.8634,18.8629 93.8343,19.1464 93.3960,19.9305 92.9535,20.7135 92.5063,21.4953 92.0543,22.2760 91.5972,23.0554 91.1348,23.8334 90.6668,24.6101 90.1930,25.3853 89.7130,26.1590 89.2267,26.9310 88.2706,26.7860 87.6987,26.8090 87.1672,26.9240 86.7724,26.5702 86.4332,26.6379 86.2036,26.9966 85.5706,27.0721 84.6022,27.2076 84.1098,27.3516 83.6161,27.4938 82.8903,27.7819 82.1515,28.0647 81.3169,28.3153 80.9979,28.6867 80.4995,28.8711 80.1861,28.9958 79.7462,29.0396 79.1582,29.2909 78.8698,29.5786 78.3818,29.7885 78.0334,30.1276 77.6026,30.4605 76.9698,30.6347 76.4772,31.0477 75.6801,31.5305 75.6347,32.0902 75.0476,32.7794 74.2788,33.0597 73.5032,33.4257 72.9880,33.8732 72.4674,34.3185 72.1925,33.8533 71.7355,33.3259 71.2841,32.7968 70.7818,32.2816 70.2852,31.7644 70.4414,31.3112 70.5961,30.8578 70.6110,30.3036 70.6257,29.7493 70.4261,29.1020 69.7131,28.7812 68.8477,28.5765 68.2640,29.0931 68.0070,29.6101 67.6404,29.6533 67.6138,29.2350 67.5684,28.4321 67.6670,28.2669 67.6560,27.7736 67.5749,26.9464 67.5800,26.3786 67.5920,25.8445 67.4229,25.3585 66.8787,24.9086 66.3385,24.4568 65.7083,24.3860 65.0789,24.3125 64.1591,24.2423 63.3615,24.1744 62.5804,24.1785 61.9530,23.9772 61.3588,24.0156 60.6794,24.0202 60.0000,24.0248 59.5173,24.2739 58.6281,24.3231 57.7448,24.4023 57.2552,24.7460 57.0375,25.5124 56.8244,26.2644 56.5332,26.7365 56.0878,26.8043 55.6592,26.4457 55.2332,26.0859 54.4537,26.0011 53.6173,26.3896 52.9948,26.5735 52.2421,26.9629 51.6195,27.1454 50.8558,27.5248 50.5626,28.0574 50.2664,28.5893 50.5792,29.2118 50.2106,29.7630 49.7330,30.1114 49.2520,30.4581 49.0260,30.8673 48.7980,31.2762 48.2553,31.8949 47.9381,31.9630 47.5373,31.9671 47.1810,32.0972 46.3769,32.5408 45.6905,33.0368 45.2743,33.5400 44.7761,34.2385 44.6103,34.6716 44.4428,35.1044 43.9818,35.4981 43.5162,35.8901 42.9433,36.5141 42.4582,37.0819 42.1047,37.6915 41.7453,38.3000 41.1427,38.5590 40.8111,38.7125 40.2353,39.0690 39.6536,39.4226 39.7295,39.9588 39.8065,40.4949 39.7187,41.2464 39.6289,41.9978 39.5370,42.7492 38.4557,43.3178 37.3541,43.8761 36.2319,44.4236 36.2437,44.9932 36.2557,45.5628 37.8023,45.6363 39.3523,45.6889 40.7322,45.5185 42.1034,45.3316 43.4651,45.1284 44.8168,44.9091 45.8029,44.5110 46.7755,44.1044 47.7346,43.6898 48.6692,43.2158 49.5893,42.7343 50.4952,42.2455 51.3870,41.7498 52.2650,41.2472 53.2921,40.9502 54.3099,40.6442 55.4221,40.6049 56.5328,40.5550 57.6417,40.4945 58.8105,40.7758 60.0000,40.8714 60.8801,41.5351 61.7783,42.1920 62.6952,42.8417 63.6316,43.4840 64.5879,44.1184 65.5649,44.7447 66.5631,45.3625 67.5832,45.9714 68.6003,46.5519 69.6391,47.1231 70.7003,47.6848 71.7844,48.2365 72.8920,48.7778 74.0234,49.3082 75.1792,49.8273 76.3597,50.3347 77.5655,50.8299 78.9240,51.0999 80.2980,51.3539 81.6868,51.5917 83.0897,51.8130 84.6586,52.0195 86.2414,52.2049 87.0839,52.8153 87.9502,53.4195 89.0764,53.7845 90.2221,54.1388 91.3872,54.4820 92.8183,54.5193 94.2514,54.5397 95.6853,54.5431 97.1189,54.5296
@ western Aleutians
165.2420,56.4795 165.9710,56.2629 166.8240,55.9587 167.6640,55.6487 168.3790,55.3414 169.0820,55.0301 169.7840,54.7434 170.4760,54.4527 171.1330,54.1716 171.7810,53.8869 173.1120,53.5480 174.4690,53.1950 175.6660,52.9546 176.7130,52.7891 177.5400,52.5769 177.5890,51.6448 177.6370,50.7127 176.6780,50.8815 175.5310,51.0934 174.1790,51.3877 172.9220,51.6681 171.8060,52.0091 170.6590,52.4807 169.7110,52.8387 168.7940,53.1914 168.1480,53.5514 167.3730,53.8878 166.3670,54.2189 165.7280,54.5708 164.8070,54.9380 164.0270,55.1901 163.3310,55.7315 162.6150,56.2688 163.5540,56.4839 164.5040,56.6918 165.2420,56.4795
@ Alaska-Yukon
-141.2440,69.4505 -139.0230,69.2515 -136.8450,69.0245 -134.7150,68.7704 -133.4650,68.1612 -132.2800,67.5431 -131.1550,66.9168 -128.9580,66.2394 -126.8780,65.5325 -125.0730,65.0140 -123.3380,64.4746 -122.5050,63.8440 -121.7080,63.2089 -121.8970,62.4506 -122.0760,61.6921 -123.0230,60.8445 -123.9200,59.9905 -125.7870,59.7350 -127.6240,59.4534 -129.4290,59.1464 -131.2010,58.8149 -132.9380,58.4596 -133.6470,58.1779 -134.3450,57.8923 -135.5030,58.1111 -136.6750,58.3192 -137.0450,57.6047 -138.3670,57.0786 -139.6530,56.5389 -140.9010,55.9864 -141.0990,55.8969 -141.6020,55.6647 -142.9280,55.4059 -144.1940,55.7027 -145.4790,55.9863 -146.8870,56.1451 -148.3050,56.2878 -149.7340,56.4141 -151.3710,56.9104 -153.0500,57.3847 -154.7730,57.8361 -155.8490,58.5059 -156.9660,59.1664 -157.9940,59.9187 -159.0690,60.6627 -160.1950,61.3976 -161.3320,62.1277 -162.5250,62.8480 -163.7770,63.5577 -165.0930,64.2560 -166.4760,64.9418 -165.4820,65.6735 -164.4300,66.3984 -163.3170,67.1158 -162.1350,67.8250 -160.0490,68.1409 -157.9070,68.4299 -155.7120,68.6908 -153.4690,68.9226 -151.1780,69.1037 -148.8530,69.2539 -146.4980,69.3723 -145.0090,69.5029 -143.5030,69.6207 -141.2440,69.4505
@ Laptev Sea
134.8050,76.7448 137.4260,76.0858 138.2490,75.2996 138.9900,74.5107 139.3320,73.4491 139.6330,72.3870 139.2550,71.3548 138.9160,70.3219 138.4840,69.7952 138.0730,69.2675 135.2890,69.6909 132.3980,70.0685 130.0310,70.3038 127.6120,70.5073 125.4790,70.8340 123.2780,71.1352 121.8350,71.5246 120.3320,71.9026 119.4450,72.4102 118.5070,72.9136 117.6340,73.7955 117.9790,74.6798 119.7290,75.2713 121.6200,75.8485 124.4240,76.3621 127.4360,76.8418 130.9210,76.9245 134.8050,76.7448
